 37500.0 20.00 16.12      0.01981384 
 37500.0 20.00 16.12      0.01601502 
 37400.0 20.00 16.12      0.01576857 
 37400.0 20.00 16.12      0.01667549 
 37400.0 20.00 16.12      0.08435074 
 37400.0 20.00 16.12      0.08756201 
 37400.0 20.00 16.12      0.09028377 
 37400.0 20.00 16.12      0.00372054 
 37400.0 20.00 16.12      0.03023330 
 37400.0 20.00 16.12      0.03798719 
 33000.0 20.00 16.12      0.02607055 
 37500.0 20.00 16.12      0.03003710 
 37500.0 20.00 16.12      0.02979735 
 37500.0 20.00 16.12      0.01172763 
 37500.0 20.00 16.12      0.01268313 
 37500.0 20.00 16.12      0.01236896 
 37500.0 20.00 16.12      0.01285638 
 37500.0 20.00 16.12      0.01333060 
 37500.0 20.00 16.12      0.01290223 
 37500.0 20.00 16.12      0.01406053 
 37500.0 20.00 16.12      0.01439574 
 37500.0 20.00 16.12      0.08481981 
 37500.0 20.00 16.12      0.03075095 
 37500.0 20.00 16.12      0.08567197 
 37500.0 20.00 16.12      0.04214373 
 37500.0 20.00 16.12      0.04400858 
